'''
# d=8 with artificial wait in between
initial_state = [[-2, 3, -2]]
pulse_train_U1 = [[-2, 3, -2], [-2, 3, -3], [-2, 3, -1], [-2, 4, -4],[-2, 2, -2],[-2, 2, -1], [-2, 2, 0]]
fractions_U1 = [0.125, 0.14285714285714285, 0.16666666666666666, 0.2, 0.25, 0.3333333333333333, 0.5]
simulated_phase_mask_U1 = [0, 0, 0, 0, 0, 0, 0]
fixed_phase_mask_U1 = [0, 0, 0, 0, 0, 0, 0]
probe_trans = [[-2, 3, -2], [-2, 3, -3], [-1, 3, -1], [-2, 4, -4], [0, 2, -2], [1, 2, -1], [2, 2, 0]]
pulse_train_U2 =  [[-2, 2, 0], [-2, 2, -1], [-2, 2, -2], [-2, 4, -4], [-2, 3, -1],[-2, 3, -3], [-2, 3, -2]]
fractions_U2 = [0.5, 0.3333333333333333, 0.25,0.2, 0.16666666666666666,0.14285714285714285, 0.125]
simulated_phase_mask_U2 = [7, 6, 5, 4, 3,2, 1]
fixed_phase_mask_U2 = [1, 1, 1, 1, 1,1, 1]
'''

'''
#d = 8 - >2 bused

initial_state = [[0, 2, 0]]
pulse_train_U1 = [[0, 2, 0], [0, 3, -1], [0, 4, 0], [0, 4, 1], [0, 3, 0], [0, 4, -1], [1, 4, -1], [1, 2, -1], [1, 4, 2]]
fractions_U1 = [0.125, 0.14285714285714285, 0.16666666666666666, 0.2, 0.25, 1, 1, 0.3333333333333333, 0.5]
simulated_phase_mask_U1 = [0, 0, 0, 0, 0, 0, 0, 0, 0]
fixed_phase_mask_U1 = [0, 0, 0, 0, 0, 0, 1, 0, 0]
probe_trans = [[2, 2, 0], [-1, 3, -1], [1, 4, 0], [1, 4, 1], [-1, 3, 0], [1, 4, -1], [1, 2, -1], [2, 4, 2]]
pulse_train_U2 =  [[1, 4, 2], [1, 2, -1], [1, 4, -1], [0, 4, -1], [0, 3, 0], [0, 4, 1], [0, 4, 0], [0, 3, -1], [0, 2, 0]]
fractions_U2 = [0.5, 0.3333333333333333, 1, 1, 0.25, 0.2, 0.16666666666666666, 0.14285714285714285, 0.125]
simulated_phase_mask_U2 = [7, 6, 0, 0, 5, 4, 3, 2, 1]
fixed_phase_mask_U2 = [1, 1, 0, 1, 1, 1, 1, 1, 1]
'''
'''
#d = 8 - Star Topo
initial_state = [[-2, 3, -2]]
pulse_train_U1 = [[-2, 3, -2], [-2, 3, -3], [-2, 3, -1], [-2, 4, -4], [-2, 2, -2], [-2, 2, -1], [-2, 2, 0]]
fractions_U1 = [0.125, 0.14285714285714285, 0.16666666666666666, 0.2, 0.25, 0.3333333333333333, 0.5]
simulated_phase_mask_U1 = [0, 0, 0, 0, 0, 0, 0]
fixed_phase_mask_U1 = [0, 0, 0, 0, 0, 0, 0]
probe_trans = [[-2, 3, -2], [-2, 3, -3], [-1, 3, -1], [-2, 4, -4], [0, 2, -2], [1, 2, -1], [2, 2, 0]]
pulse_train_U2 =  [[-2, 2, 0], [-2, 2, -1], [-2, 2, -2], [-2, 4, -4], [-2, 3, -1], [-2, 3, -3], [-2, 3, -2]]
fractions_U2 = [0.5, 0.3333333333333333, 0.25, 0.2, 0.16666666666666666, 0.14285714285714285, 0.125]
simulated_phase_mask_U2 = [7, 6, 5, 4, 3, 2, 1]
fixed_phase_mask_U2 = [1, 1, 1, 1, 1, 1, 1]
'''
'''
# d= 7
initial_state = [[-2, 2, 0]]

pulse_train_U1 = [[-2, 2, -2], [-2, 2, -1], [-2, 3, -1], [-2, 3, -2], [-2, 3, -3], [-2, 4, -4]]
fractions_U1 = [0.14285714285714285, 0.16666666666666666, 0.2, 0.25, 0.3333333333333333, 0.5]
simulated_phase_mask_U1 = [0, 0, 0, 0, 0, 0]
fixed_phase_mask_U1 = [0, 0, 0, 0, 0, 0]

pulse_train_U2 = [[-2, 4, -4], [-2, 3, -3], [-2, 3, -2], [-2, 3, -1], [-2, 2, -1], [-2, 2, -2]]
fractions_U2 = [0.5, 0.3333333333333333, 0.25, 0.2, 0.16666666666666666, 0.14285714285714285]
simulated_phase_mask_U2 = [6, 5, 4, 3, 2, 1]
fixed_phase_mask_U2 = [1, 1, 1, 1, 1, 1]

probe_trans = [[0, 2, -2], [1, 2, -1], [-1, 3, -1], [-2, 3, -2], [-2, 3, -3], [-2, 4, -4]]
'''

'''
#d=6
initial_state = [[-2, 4, -4]]

pulse_train_U1 = [[-2, 2, -2], [-2, 2, -1], [-2, 3, -1], [-2, 3, -2], [-2, 3, -3]]
fractions_U1 = [0.16666666666666666, 0.2, 0.25, 0.3333333333333333, 0.5]
simulated_phase_mask_U1 = [0, 0, 0, 0, 0]
fixed_phase_mask_U1 = [0, 0, 0, 0, 0]

pulse_train_U2 = [[-2, 3, -3], [-2, 3, -2], [-2, 3, -1], [-2, 2, -1], [-2, 2, -2]]
fractions_U2 = [0.5, 0.3333333333333333, 0.25, 0.2, 0.16666666666666666]
simulated_phase_mask_U2 = [5, 4, 3, 2, 1]
fixed_phase_mask_U2 = [1, 1, 1, 1, 1]

probe_trans =  [[0, 2, -2], [1, 2, -1], [-1, 3, -1], [-2, 3, -2], [-2, 3, -3]]
'''

'''
#d=5
initial_state = [[-2, 3, -1]]

pulse_train_U1 = [[-2, 2, -1], [-2, 3, -2], [-2, 3, -3], [-2, 4, -4]]
fractions_U1 = [0.2, 0.25, 0.3333333333333333, 0.5]
simulated_phase_mask_U1 = [0, 0, 0, 0]
fixed_phase_mask_U1 = [0, 0, 0, 0]

pulse_train_U2 = [[-2, 4, -4], [-2, 3, -3], [-2, 3, -2], [-2, 2, -1]]
fractions_U2 = [0.5, 0.3333333333333333, 0.25, 0.2]
simulated_phase_mask_U2 = [4, 3, 2, 1]
fixed_phase_mask_U2 = [1, 1, 1, 1]

probe_trans =  [[-2,2,-1],[-2,3,-2],[-2,3,-3],[-2,4,-4]]
'''



'''
#d=4
initial_state = [[-2, 3, -1]]t

pulse_train_U1 = [[-2, 3, -2], [-2, 3, -3], [-2, 4, -4]]
fractions_U1 = [0.25, 0.3333333333333333, 0.5]
simulated_phase_mask_U1 = [0, 0, 0]
fixed_phase_mask_U1 = [0, 0, 0]

pulse_train_U2 = [[-2, 4, -4], [-2, 3, -3], [-2, 3, -2]]
fractions_U2 = [0.5, 0.3333333333333333, 0.25]
simulated_phase_mask_U2 = [3, 2, 1]
fixed_phase_mask_U2 = [1, 1, 1]

probe_trans = [[-2, 3, -2], [-2, 3, -3], [-2, 4, -4]]
'''
'''
#d=3
initial_state = [[-2, 3, -2]]

pulse_train_U1 = [[-2, 3, -3], [-2, 4, -4]]
fractions_U1 = [0.3333333333333333, 0.5]
simulated_phase_mask_U1 = [0, 0]
fixed_phase_mask_U1 = [0, 0]

pulse_train_U2 = [[-2, 4, -4], [-2, 3, -3]]
fractions_U2 = [0.5, 0.3333333333333333]
simulated_phase_mask_U2 = [2, 1]
fixed_phase_mask_U2 = [1, 1]

probe_trans = [[-2, 3, -3], [-2, 4, -4]]
'''
# using -2 and +2 as bus states for D=5 ramsey =======================================================================
#pulse_train = [[-1,3,-1],[-1,2,0],[-1,2,0],[0,2,0],     [0, 2, 0], [-1, 2, 0], [-1, 2, 0],[-1,3,-1], [-1, 2, -3]]

# changes for looking at D=3 ramsey
#pulse_train = [[0,2,],[0,3,0], [0, 3, 0], [0, 2, 0]]

#optional detunings
#detunings = [0.0,0.0,0.0,0.0]
#U1 only
#pulse_train = [[-2,2,0],[-2,4,-4],[-2,3,-3],[-2,2,0],[2,2,0],[2,4,4],[2,4,3],[2,2,0]]

#probe_trans = [[0,3,0],[0,2,0]]

#fractions = [1/3,1/2,   1/2,1/3]

#simulated_phase_mask = [0,0,    2,1]
#fixed_phase_mask = [0,0,      1,1]

# no bussing D=9 Ramsey ============================================================================================
#pulse_train = [[0,4,-2],[0,4,-1],[0,4,0],[0,4,1],[0,3,1],[0,3,2],[0,2,0],[0,3,0],       [0,3,0],[0,2,0],[0,3,2],[0,3,1],[0,4,1],[0,4,0],[0,4,-1],[0,4,-2]]

#optional detunings
#detunings = [0.0,0.002,0.002,0.0]
#U1 only
#pulse_train = [[-2,2,0],[-2,4,-4],[-2,3,-3],[-2,2,0],[2,2,0],[2,4,4],[2,4,3],[2,2,0]]

#probe_trans = [[0,4,-2],[0,4,-1],[0,4,0],[0,4,1],[0,3,1],[0,3,2],[0,2,0],[0,3,0]]

#fractions = [1/9,1/8,1/7,1/6,1/5,1/4,1/3,1/2,   1/2,1/3,1/4,1/5,1/6,1/7,1/8,1/9]

#simulated_phase_mask = [0,0,0,0,0,0,0,0,    8,7,6,5,4,3,2,1]
#fixed_phase_mask =     [0,0,0,0,0,0,0,0,    1,1,1,1,1,1,1,1]


# bussed D=2 Ramsey ============================================================================================
#pulse_train = [[0,2,2],[0,3,2],    [0,3,2],[0,2,2]]

#optional detunings
#detunings = [0.0,0.002,0.002,0.0]
#U1 only
#pulse_train = [[-2,2,0],[-2,4,-4],[-2,3,-3],[-2,2,0],[2,2,0],[2,4,4],[2,4,3],[2,2,0]]

#probe_trans = [[0,2,2],[0,3,2]]

#fractions = [1/2,1, np.nan,  1,1/2]

#simulated_phase_mask = [0,0,   np.nan,  0,1]
#fixed_phase_mask =     [0,0,   np.nan,  1,1]

'''
# 5 Level Bused Qudit Ramsey
initial_state = [[-2,2,-2]]

pulse_train_U1 = [[-2,2,-2],[-2,1,-1],[-2,2,-2],[-2,3,-3],[-2,2,-2],[-2,4,-1],[-2,2,-2],[-2,4,-2]]
fractions_U1 =       [1/5,      1,      1/4,        1,        1/3,      1,      1/2,        1]

pulse_train_U2 = [[-2,4,-2],[-2,2,-2],[-2,4,-2],[-2,4,-1],[-2,2,-2],[-2,4,-1],[-2,3,-3],[-2,2,-2],[-2,3,-3],[-2,1,-1],[-2,2,-2],[-2,1,-1]]
fractions_U2 =       [1,        1/2,      1,        1,       1/3,        1,         1,        1/4,      1,       1,       1/5,       1]
 
probe_trans = [[-2,2,-2],[-1,1,-1],[-2,3,-3],[0,4,-1],[0,4,-2]]


simulated_phase_mask_U1=  [0,0,0,0,0,0,0,0]  
simulated_phase_mask_U2 = [0,4,0,0,3,0,0,2,0,0,1,0]

fixed_phase_mask_U1 =     [1, 0, 1, 0, 1, 0, 1, 0] 
fixed_phase_mask_U2 =     [1, 0, 0, 1, 0, 0, 1, 0, 0, 1, 0, 0]
'''

'''
# 12 level Qudit Ramsey
initial_state = [[-2,2,-2]]

pulse_train_U1 = [[-2,2,-2],[-2,1,-1],[-2,2,-2],[-2,3,-3],[0,2,-2],[0,4,-1],[0,2,-2],[0,4,-2],[-2,2,-2],[-2,4,-4],[-2,2,-2],[-2,2,-1],[0,2,-2],[0,4,0],[-2,2,-2],[-2,3,-2],[-1,2,-2],[-1,4,-3],[0,2,-2],[0,4,1],[-1,2,-2],[-1,3,-1]]

fractions_U1 = [1/12, 1, 1/11, 1, 1/10, 1, 1/9, 1, 1/8, 1, 1/7, 1, 1/6, 1, 1/5, 1, 1/4, 1, 1/3, 1, 1/2, 1]

#pulse_train_U2 = [[-2,3,-2],[-2,2,-2],[-2,3,-2],[0,4,0],[0,2,-2],[0,4,0],[-2,2,-1],[-2,2,-2],[-2,2,-1],[-2,4,-4],[-2,2,-2],[-2,4,-4],[0,4,-2],[0,2,-2],[0,4,-2],[0,4,-1],[0,2,-2],[0,4,-1],[-2,3,-3],[-2,2,-2],[-2,3,-3],[-2,1,-1],[-2,2,-2],[-2,1,-1]]
#fractions_U2 =       [1,      1,      1,        1,      1/2,     1,        1,      1/3,       1,         1,       1/4,        1,      1,       1/5,     1,        1,      1/6,      1,       1,       1/7,       1,        1,          1/8,      1]

pulse_train_U2 = [[-1,3,-1],[-1,2,-2],[-1,3,-1],[0,4,1],[0,2,-2],[0,4,1],[-1,4,-3],[-1,2,-2],[-1,4,-3],[-2,3,-2],[-2,2,-2],[-2,3,-2],[0,4,0],[0,2,-2],[0,4,0],[-2,2,-1],[-2,2,-2],[-2,2,-1],[-2,4,-4],[-2,2,-2],[-2,4,-4],[0,4,-2],[0,2,-2],[0,4,-2],[0,4,-1],[0,2,-2],[0,4,-1],[-2,3,-3],[-2,2,-2],[-2,3,-3],[-2,1,-1],[-2,2,-2],[-2,1,-1]]
fractions_U2 =       [1,      1/2,      1,        1,      1/3,     1,        1,      1/4,       1,         1,       1/5,        1,      1,       1/6,     1,        1,      1/7,      1,       1,       1/8,       1,        1,          1/9,      1,    1,    1/10,    1,    1,    1/11,    1,    1,    1/12,    1]
 
probe_trans = [[-2, 2, -2], [-2, 1, -1], [-2, 3, -3], [0, 4, -1], [0, 4, -2], [-2, 4, -4], [-2, 2, -1], [0, 4, 0], [-2, 3, -2], [-1, 4, -3], [0, 4, 1], [-1, 3, -1]]


simulated_phase_mask_U1=  [0, 0, 0, 0, 0, 0, 0, 0, 0, 0, 0, 0, 0, 0, 0, 0, 0, 0, 0, 0, 0, 0] 
simulated_phase_mask_U2 = [0,11,0,0,10,0,0,9,0,0,8,0,0,7,0,0,6,0,0,5,0,0,4,0,0,3,0,0,2,0,0,1,0]

fixed_phase_mask_U1 =     [1, 0, 1, 0, 1, 0, 1, 0, 1, 0, 1, 0, 1, 0, 1, 0, 1, 0, 1, 0, 1, 0] 
fixed_phase_mask_U2 =     [1, 0, 0, 1, 0, 0, 1, 0, 0, 1, 0, 0, 1, 0, 0, 1, 0, 0, 1, 0, 0, 1, 0, 0, 1, 0, 0, 1, 0, 0, 1, 0, 0]
'''
'''

# From Ramsey Specific state finding
initial_state = [[1,4,0]]

pulse_train_U1 =  [[1,4,0],[1, 4, 1], [1, 3, 3], [1, 4, 0], [1, 4, 2], [1, 3, 2], [1, 2, -1], [1, 2, 2], [1, 4, -1], [0, 4, -1], [0, 4, -1], [0, 4, -2], [0, 3, 1]]

fractions_U1 = [1, 0.09090909090909091, 0.1, 0.1111111111111111, 0.125, 0.14285714285714285, 0.16666666666666666, 0.2, 1, 1, 0.25, 0.3333333333333333, 0.5]

pulse_train_U2 =  [[0, 3, 1], [0, 4, -2], [0, 4, -1], [0, 4, -1], [1, 4, -1], [0, 4, -1], [1, 2, 2], [1, 2, -1], [1, 3, 2], [1, 4, 2], [1, 4, 0], [1, 3, 3], [1, 4, 1]]

fractions_U2 = [0.5, 0.3333333333333333, 0.25, 1, 1, 1, 0.2, 0.16666666666666666, 0.14285714285714285, 0.125, 0.1111111111111111, 0.1, 0.09090909090909091]

probe_trans = [[1,4,1],[1,3,3],[1,4,0],[2,4,2],[0,3,2],[-2,2,-1],[0,2,2],[0,4,-1],[0,4,-2],[0,3,1]]

#probe_trans = [[0,4,-1], [0, 4, -2],[1,4,1], [1, 3, 3], [1, 4, 0], [0, 3, 1], [2, 4, 2], [0, 3, 2], [-2, 2, -1], [0, 3, 0],[0,2,2],[-2,2,-2]]#, [-2, 3, -1], [1, 4, 0], [0, 2, 0]]


simulated_phase_mask_U1 = [0, 0, 0, 0, 0, 0, 0, 0, 0, 0, 0, 0, 0]
simulated_phase_mask_U2 = [10, 9, 8, 0, 0, 0, 7, 6, 5, 4, 3, 2, 1]

fixed_phase_mask_U1 = [0, 0, 0, 0, 0, 0, 0, 0, 0, 1, 0, 0, 0]
fixed_phase_mask_U2 = [1, 1, 1, 0, 1, 0, 1, 1, 1, 1, 1, 1, 1]
'''
'''
initial_state = [[1,4,1]]
pulse_train_U1 =  [[1,4,1], [1, 4, 1], [1, 3, 3], [1, 4, 2], [1, 3, 2], [1, 2, -1], [1, 2, 2], [1, 4, -1], [0, 4, -1], [0, 4, -1], [0, 4, -2], [0, 3, 1], [0, 3, 0], [0, 4, 0], [2, 4, 0], [2, 4, 0], [2, 4, 3], [2, 4, 4]]
fractions_U1 = [1,0.07142857142857142, 0.07692307692307693, 0.08333333333333333, 0.09090909090909091, 0.1, 0.1111111111111111, 1, 1, 0.125, 0.14285714285714285, 0.16666666666666666, 0.2, 1, 1, 0.25, 0.3333333333333333, 0.5]
simulated_phase_mask_U1 = [0,0, 0, 0, 0, 0, 0, 0, 0, 0, 0, 0, 0, 0, 0, 0, 0, 0]
fixed_phase_mask_U1 = [0,0, 0, 0, 0, 0, 0, 0, 1, 0, 0, 0, 0, 0, 1, 0, 0, 0]
probe_trans =  [[1, 2, 1],[1, 4, 1], [1, 3, 3], [2, 4, 2], [1, 3, 2], [1, 2, -1], [1, 2, 2], [1, 4, -1], [0, 4, -2], [0, 3, 1], [-1, 3, 0], [1, 4, 0], [2, 4, 3], [2, 4, 4]]
pulse_train_U2 =  [[2, 4, 4], [2, 4, 3], [2, 4, 0], [2, 4, 0], [0, 4, 0], [2, 4, 0], [0, 3, 0], [0, 3, 1], [0, 4, -2], [0, 4, -1], [0, 4, -1], [1, 4, -1], [0, 4, -1], [1, 2, 2], [1, 2, -1], [1, 3, 2], [1, 4, 2], [1, 3, 3], [1, 4, 1], [1, 2, 1]]
fractions_U2 = [0.5, 0.3333333333333333, 0.25, 1, 1, 1, 0.2, 0.16666666666666666, 0.14285714285714285, 0.125, 1, 1, 1, 0.1111111111111111, 0.1, 0.09090909090909091, 0.08333333333333333, 0.07692307692307693, 0.07142857142857142, 1]
simulated_phase_mask_U2 = [13, 12, 11, 0, 0, 0, 10, 9, 8, 7, 0, 0, 0, 6, 5, 4, 3, 2, 1, 0]
fixed_phase_mask_U2 = [1, 1, 1, 0, 1, 0, 1, 1, 1, 1, 0, 1, 0, 1, 1, 1, 1, 1, 1, 0]
'''
'''
initial_state = [[0,2,0]]
pulse_train_U1 =  [[0,2,0], [0,2,0], [0,3,-1]]
fractions_U1 = [1, 1/3, 1/2]
simulated_phase_mask_U1 = [0, 0, 0]
fixed_phase_mask_U1 = [1, 0, 0]
pulse_train_U2 =  [[0,3,-1], [0,2,0], [0,4,-2]]
#fractions_U2 = [1/2, 1/3, 1]
fractions_U2 = [0, 0, 0]
simulated_phase_mask_U2 = [2, 1, 0]
fixed_phase_mask_U2 = [1, 1, 0]
probe_trans =  [[0,4,-2], [0,2,0], [-1,3,-1]]
'''

# 3Level Bused Qudit ramsey

#initial_state = [[0,4,-1]]

#pulse_train_U1 = [[0,4,-1],[0,3,1],[0,4,-1],[0,3,2]]
#fractions_U1 =     [1/3,      1,      1/2,        1]

#pulse_train_U2 = [[0,3,2],[0,4,-1],[0,3,2],[0,3,1],[0,4,-1],[0,3,1]]
#fractions_U2 =   [1,        1/2,      1,        1,       1/3,      1]
 
#probe_trans = [[0,4,-1],[0,3,1],[0,3,2]]


#simulated_phase_mask_U1=  [0,0,0,0]  
#simulated_phase_mask_U2 = [0,2,0,0,1,0]

#fixed_phase_mask_U1 =     [1, 0, 1, 0] 
#fixed_phase_mask_U2 =     [1, 0, 0, 1, 0, 0]
------------------------------------------------------------
'''
initial_state = [[0, 2, 2]]

pulse_train_U1 = [[0, 2, 2], [1, 2, 2], [2, 2, 2]]
fractions_U1 = [0.25, 0.33333333333333337, 0.5]
simulated_phase_mask_U1 = [0, 0, 0]
fixed_phase_mask_U1 = [1, 1, 1]

pulse_train_U2 = [[2, 2, 2], [1, 2, 2], [0, 2, 2]]
fractions_U2 = [0.5, 0.33333333333333337, 0.25]
simulated_phase_mask_U2 = [3, 2, 1]
fixed_phase_mask_U2 = [0, 0, 0]

s12_state_shelvings = [[0, 4, -2], [1, 4, -1], [2, 4, 3]]

probe_trans = [[1, 2, 2], [0, 4, -2], [1, 4, -1], [2, 4, 3]]

pulse_train_U2 = pulse_train_U2 + s12_state_shelvings
fractions_U2 = fractions_U2 + [1 for i in range(len(s12_state_shelvings))]
simulated_phase_mask_U2 = simulated_phase_mask_U2 + [0 for i in range(len(s12_state_shelvings))]
fixed_phase_mask_U2 = fixed_phase_mask_U2 + [0 for i in range(len(s12_state_shelvings))]
'''
'''
#d = 8
initial_state = [[0, 3, -1]]

pulse_train_U1 = [[0, 3, -1], [0, 4, -1], [0, 3, -1], [-1, 3, -1], [-1, 2, -2], [-1, 4, -2]]
fractions_U1 = [1, 1/4, 1, 1, 1/3, 1/2]
simulated_phase_mask_U1 = [0, 0, 0, 0, 0, 0]
fixed_phase_mask_U1 = [1, 0, 0, 1, 0, 0]

pulse_train_U2 = [[-1, 4, -2], [-1, 2, -2], [-1, 3, -1], [0, 3, -1], [0, 4, -1], [0, 3, -1]]
fractions_U2 = [1/2, 1/3, 1, 1, 1/4, 1]
simulated_phase_mask_U2 = [3, 2, 0, 0, 1, 0]
fixed_phase_mask_U2 = [1, 1, 0, 1, 1, 0]

s12_state_shelvings = [[1, 4, 1], [-2, 4, -4]]
s12_state_fractions = [1, 1]
s12_state_fixed_phases = [0, 0]
s12_state_simulated_phases = [0, 0]

probe_trans = [[-1, 3, -1], [1, 4, 0], [1, 4, -1], [1, 4, 1], [0, 2, -2], [0, 4, -2], [-2, 3, -2], [-2, 4, -4]]


pulse_train_U2 = pulse_train_U2 + s12_state_shelvings
fractions_U2 = fractions_U2 + s12_state_fractions
fixed_phase_mask_U2 = fixed_phase_mask_U2 + s12_state_fixed_phases
simulated_phase_mask_U2 = simulated_phase_mask_U2 + s12_state_simulated_phases
'''
'''
initial_state = [[0, 3, -1]]

pulse_train_U1 = [[0, 3, -1], [0, 4, 0], [0, 3, -1], [0, 4, -1], [1, 3, -1], [-1, 3, -1], [-1, 2, -2]]
fractions_U1 = [0.19999999999999996, 1, 0.25, 1, 0.33333333333333337, 0.5, 1]
simulated_phase_mask_U1 = [0, 0, 0, 0, 0, 0, 0]
fixed_phase_mask_U1 = [1, 0, 1, 0, 1, 1, 0]

pulse_train_U2 = [[-1, 2, -2], [-1, 3, -1], [-1, 2, -2], [1, 3, -1], [0, 4, -1], [0, 3, -1], [0, 4, -1], [0, 4, 0], [0, 3, -1], [0, 4, 0]]
fractions_U2 = [1, 0.5, 1, 0.33333333333333337, 1, 0.25, 1, 1, 0.19999999999999996, 1]
simulated_phase_mask_U2 = [0, 4, 0, 3, 0, 2, 0, 0, 1, 0]
fixed_phase_mask_U2 = [1, 0, 0, 0, 1, 0, 0, 1, 0, 0]

s12_state_shelvings = [[1, 4, 1]]

probe_trans = [[-1, 3, -1], [1, 4, 0], [1, 4, -1], [1, 4, 1], [0, 2, -2]]

pulse_train_U2 = pulse_train_U2 + s12_state_shelvings
fractions_U2 = fractions_U2 + [1 for i in range(len(s12_state_shelvings))]
simulated_phase_mask_U2 = simulated_phase_mask_U2 + [0 for i in range(len(s12_state_shelvings))]
fixed_phase_mask_U2 = fixed_phase_mask_U2 + [0 for i in range(len(s12_state_shelvings))]
'''
'''
# d= 7
initial_state = [[-2, 2, 0]]
pulse_train_U1 = [[-2, 3, -2], [-2, 3, -3], [-2, 3, -1], [-2, 4, -4], [-2, 2, -2], [-2, 2, -1]]
fractions_U1 = [0.14285714285714285, 0.16666666666666666, 0.2, 0.25, 0.3333333333333333, 0.5]
simulated_phase_mask_U1 = [0, 0, 0, 0, 0, 0]
fixed_phase_mask_U1 = [0, 0, 0, 0, 0, 0]
probe_trans = [[-2, 3, -2], [-2, 3, -3], [-1, 3, -1], [-2, 4, -4], [0, 2, -2], [1, 2, -1]]
pulse_train_U2 =  [[-2, 2, -1], [-2, 2, -2], [-2, 4, -4], [-2, 3, -1], [-2, 3, -3], [-2, 3, -2]]
fractions_U2 = [0.5, 0.3333333333333333, 0.25, 0.2, 0.16666666666666666, 0.14285714285714285]
simulated_phase_mask_U2 = [6, 5, 4, 3, 2, 1]
fixed_phase_mask_U2 = [1, 1, 1, 1, 1, 1]
'''
'''
#d=6
initial_state = [[-2,4,-4]]
pulse_train_U1 =  [[-2,2,-1],[-2,2,-2],[-2,3,-1],[-2,3,-2],[-2,3,-3]]
 
fractions_U1 = [1/6,1/5,1/4,1/3,1/2]
simulated_phase_mask_U1 = [0,0,0,0,0]
fixed_phase_mask_U1 = [0,0,0,0,0]
pulse_train_U2 =  [[-2,3,-3],[-2, 3, -2],[-2,3,-1],[-2,2,-2],[-2,2,-1]]
fractions_U2 = [1/2,1/3,1/4,1/5,1/6]
#fractions_U2 = [0, 0, 0, 0, 0, 0]
simulated_phase_mask_U2 = [5,4,3, 2, 1]
fixed_phase_mask_U2 = [1, 1, 1, 1,1]
probe_trans =  [[-2,2,-1],[-2,2,-2],[-2,3,-1],[-2,3,-2],[-2,3,-3]]
'''
'''
#d=5
initial_state = [[-2,3,-1]]
pulse_train_U1 =  [[-2,2,-1],[-2,3,-2],[-2,3,-3],[-2,4,-4]]
fractions_U1 = [1/5,1/4,1/3,1/2]
simulated_phase_mask_U1 = [0,0,0,0]
fixed_phase_mask_U1 = [0,0,0,0]
pulse_train_U2 =  [[-2,4,-4],[-2, 3, -3],[-2,3,-2],[-2,2,-1]]
fractions_U2 = [1/2,1/3,1/4,1/5]
#fractions_U2 = [0, 0, 0, 0, 0, 0]
simulated_phase_mask_U2 = [4,3, 2, 1]
fixed_phase_mask_U2 = [1, 1, 1, 1]
probe_trans =  [[-2,2,-1],[-2,3,-2],[-2,3,-3],[-2,4,-4]]
'''

'''
#d=4
initial_state = [[-2,3,-1]]
pulse_train_U1 =  [[-2,3,-2],[-2,3,-3],[-2,4,-4]]
fractions_U1 = [1/4,1/3,1/2]
simulated_phase_mask_U1 = [0,0,0]
fixed_phase_mask_U1 = [0,0,0]
pulse_train_U2 =  [[-2,4,-4],[-2, 3, -3],[-2,3,-2]]
fractions_U2 = [1/2,1/3,1/4]
#fractions_U2 = [0, 0, 0, 0, 0, 0]
simulated_phase_mask_U2 = [3, 2, 1]
fixed_phase_mask_U2 = [1, 1, 1]
probe_trans =  [[-2,3,-2],[-2,3,-3],[-2,4,-4]]
'''
# using -2 and +2 as bus states for D=5 ramsey =======================================================================
#pulse_train = [[-1,3,-1],[-1,2,0],[-1,2,0],[0,2,0],     [0, 2, 0], [-1, 2, 0], [-1, 2, 0],[-1,3,-1], [-1, 2, -3]]

# changes for looking at D=3 ramsey
#pulse_train = [[0,2,],[0,3,0], [0, 3, 0], [0, 2, 0]]

#optional detunings
#detunings = [0.0,0.0,0.0,0.0]
#U1 only
#pulse_train = [[-2,2,0],[-2,4,-4],[-2,3,-3],[-2,2,0],[2,2,0],[2,4,4],[2,4,3],[2,2,0]]

#probe_trans = [[0,3,0],[0,2,0]]

#fractions = [1/3,1/2,   1/2,1/3]

#simulated_phase_mask = [0,0,    2,1]
#fixed_phase_mask = [0,0,      1,1]

# no bussing D=9 Ramsey ============================================================================================
#pulse_train = [[0,4,-2],[0,4,-1],[0,4,0],[0,4,1],[0,3,1],[0,3,2],[0,2,0],[0,3,0],       [0,3,0],[0,2,0],[0,3,2],[0,3,1],[0,4,1],[0,4,0],[0,4,-1],[0,4,-2]]

#optional detunings
#detunings = [0.0,0.002,0.002,0.0]
#U1 only
#pulse_train = [[-2,2,0],[-2,4,-4],[-2,3,-3],[-2,2,0],[2,2,0],[2,4,4],[2,4,3],[2,2,0]]

#probe_trans = [[0,4,-2],[0,4,-1],[0,4,0],[0,4,1],[0,3,1],[0,3,2],[0,2,0],[0,3,0]]

#fractions = [1/9,1/8,1/7,1/6,1/5,1/4,1/3,1/2,   1/2,1/3,1/4,1/5,1/6,1/7,1/8,1/9]

#simulated_phase_mask = [0,0,0,0,0,0,0,0,    8,7,6,5,4,3,2,1]
#fixed_phase_mask =     [0,0,0,0,0,0,0,0,    1,1,1,1,1,1,1,1]


# bussed D=2 Ramsey ============================================================================================
#pulse_train = [[0,2,2],[0,3,2],    [0,3,2],[0,2,2]]

#optional detunings
#detunings = [0.0,0.002,0.002,0.0]
#U1 only
#pulse_train = [[-2,2,0],[-2,4,-4],[-2,3,-3],[-2,2,0],[2,2,0],[2,4,4],[2,4,3],[2,2,0]]

#probe_trans = [[0,2,2],[0,3,2]]

#fractions = [1/2,1, np.nan,  1,1/2]

#simulated_phase_mask = [0,0,   np.nan,  0,1]
#fixed_phase_mask =     [0,0,   np.nan,  1,1]

'''
# 5 Level Bused Qudit Ramsey
initial_state = [[-2,2,-2]]

pulse_train_U1 = [[-2,2,-2],[-2,1,-1],[-2,2,-2],[-2,3,-3],[-2,2,-2],[-2,4,-1],[-2,2,-2],[-2,4,-2]]
fractions_U1 =       [1/5,      1,      1/4,        1,        1/3,      1,      1/2,        1]

pulse_train_U2 = [[-2,4,-2],[-2,2,-2],[-2,4,-2],[-2,4,-1],[-2,2,-2],[-2,4,-1],[-2,3,-3],[-2,2,-2],[-2,3,-3],[-2,1,-1],[-2,2,-2],[-2,1,-1]]
fractions_U2 =       [1,        1/2,      1,        1,       1/3,        1,         1,        1/4,      1,       1,       1/5,       1]
 
probe_trans = [[-2,2,-2],[-1,1,-1],[-2,3,-3],[0,4,-1],[0,4,-2]]


simulated_phase_mask_U1=  [0,0,0,0,0,0,0,0]  
simulated_phase_mask_U2 = [0,4,0,0,3,0,0,2,0,0,1,0]

fixed_phase_mask_U1 =     [1, 0, 1, 0, 1, 0, 1, 0] 
fixed_phase_mask_U2 =     [1, 0, 0, 1, 0, 0, 1, 0, 0, 1, 0, 0]
'''

'''
# 12 level Qudit Ramsey
initial_state = [[-2,2,-2]]

pulse_train_U1 = [[-2,2,-2],[-2,1,-1],[-2,2,-2],[-2,3,-3],[0,2,-2],[0,4,-1],[0,2,-2],[0,4,-2],[-2,2,-2],[-2,4,-4],[-2,2,-2],[-2,2,-1],[0,2,-2],[0,4,0],[-2,2,-2],[-2,3,-2],[-1,2,-2],[-1,4,-3],[0,2,-2],[0,4,1],[-1,2,-2],[-1,3,-1]]

fractions_U1 = [1/12, 1, 1/11, 1, 1/10, 1, 1/9, 1, 1/8, 1, 1/7, 1, 1/6, 1, 1/5, 1, 1/4, 1, 1/3, 1, 1/2, 1]

#pulse_train_U2 = [[-2,3,-2],[-2,2,-2],[-2,3,-2],[0,4,0],[0,2,-2],[0,4,0],[-2,2,-1],[-2,2,-2],[-2,2,-1],[-2,4,-4],[-2,2,-2],[-2,4,-4],[0,4,-2],[0,2,-2],[0,4,-2],[0,4,-1],[0,2,-2],[0,4,-1],[-2,3,-3],[-2,2,-2],[-2,3,-3],[-2,1,-1],[-2,2,-2],[-2,1,-1]]
#fractions_U2 =       [1,      1,      1,        1,      1/2,     1,        1,      1/3,       1,         1,       1/4,        1,      1,       1/5,     1,        1,      1/6,      1,       1,       1/7,       1,        1,          1/8,      1]

pulse_train_U2 = [[-1,3,-1],[-1,2,-2],[-1,3,-1],[0,4,1],[0,2,-2],[0,4,1],[-1,4,-3],[-1,2,-2],[-1,4,-3],[-2,3,-2],[-2,2,-2],[-2,3,-2],[0,4,0],[0,2,-2],[0,4,0],[-2,2,-1],[-2,2,-2],[-2,2,-1],[-2,4,-4],[-2,2,-2],[-2,4,-4],[0,4,-2],[0,2,-2],[0,4,-2],[0,4,-1],[0,2,-2],[0,4,-1],[-2,3,-3],[-2,2,-2],[-2,3,-3],[-2,1,-1],[-2,2,-2],[-2,1,-1]]
fractions_U2 =       [1,      1/2,      1,        1,      1/3,     1,        1,      1/4,       1,         1,       1/5,        1,      1,       1/6,     1,        1,      1/7,      1,       1,       1/8,       1,        1,          1/9,      1,    1,    1/10,    1,    1,    1/11,    1,    1,    1/12,    1]
 
probe_trans = [[-2, 2, -2], [-2, 1, -1], [-2, 3, -3], [0, 4, -1], [0, 4, -2], [-2, 4, -4], [-2, 2, -1], [0, 4, 0], [-2, 3, -2], [-1, 4, -3], [0, 4, 1], [-1, 3, -1]]


simulated_phase_mask_U1=  [0, 0, 0, 0, 0, 0, 0, 0, 0, 0, 0, 0, 0, 0, 0, 0, 0, 0, 0, 0, 0, 0] 
simulated_phase_mask_U2 = [0,11,0,0,10,0,0,9,0,0,8,0,0,7,0,0,6,0,0,5,0,0,4,0,0,3,0,0,2,0,0,1,0]

fixed_phase_mask_U1 =     [1, 0, 1, 0, 1, 0, 1, 0, 1, 0, 1, 0, 1, 0, 1, 0, 1, 0, 1, 0, 1, 0] 
fixed_phase_mask_U2 =     [1, 0, 0, 1, 0, 0, 1, 0, 0, 1, 0, 0, 1, 0, 0, 1, 0, 0, 1, 0, 0, 1, 0, 0, 1, 0, 0, 1, 0, 0, 1, 0, 0]
'''
'''
# From Ramsey Specific state finding
initial_state = [[1,4,0]]

pulse_train_U1 =  [[1,4,0],[1, 4, 1], [1, 3, 3], [1, 4, 0], [1, 4, 2], [1, 3, 2], [1, 2, -1], [1, 2, 2], [1, 4, -1], [0, 4, -1], [0, 4, -1], [0, 4, -2], [0, 3, 1]]

fractions_U1 = [1, 0.09090909090909091, 0.1, 0.1111111111111111, 0.125, 0.14285714285714285, 0.16666666666666666, 0.2, 1, 1, 0.25, 0.3333333333333333, 0.5]

pulse_train_U2 =  [[0, 3, 1], [0, 4, -2], [0, 4, -1], [0, 4, -1], [1, 4, -1], [0, 4, -1], [1, 2, 2], [1, 2, -1], [1, 3, 2], [1, 4, 2], [1, 4, 0], [1, 3, 3], [1, 4, 1]]

fractions_U2 = [0.5, 0.3333333333333333, 0.25, 1, 1, 1, 0.2, 0.16666666666666666, 0.14285714285714285, 0.125, 0.1111111111111111, 0.1, 0.09090909090909091]

probe_trans = [[1,4,1],[1,3,3],[1,4,0],[2,4,2],[0,3,2],[-2,2,-1],[0,2,2],[0,4,-1],[0,4,-2],[0,3,1]]

#probe_trans = [[0,4,-1], [0, 4, -2],[1,4,1], [1, 3, 3], [1, 4, 0], [0, 3, 1], [2, 4, 2], [0, 3, 2], [-2, 2, -1], [0, 3, 0],[0,2,2],[-2,2,-2]]#, [-2, 3, -1], [1, 4, 0], [0, 2, 0]]


simulated_phase_mask_U1 = [0, 0, 0, 0, 0, 0, 0, 0, 0, 0, 0, 0, 0]
simulated_phase_mask_U2 = [10, 9, 8, 0, 0, 0, 7, 6, 5, 4, 3, 2, 1]

fixed_phase_mask_U1 = [0, 0, 0, 0, 0, 0, 0, 0, 0, 1, 0, 0, 0]
fixed_phase_mask_U2 = [1, 1, 1, 0, 1, 0, 1, 1, 1, 1, 1, 1, 1]
'''
'''
initial_state = [[1,4,1]]
pulse_train_U1 =  [[1,4,1], [1, 4, 1], [1, 3, 3], [1, 4, 2], [1, 3, 2], [1, 2, -1], [1, 2, 2], [1, 4, -1], [0, 4, -1], [0, 4, -1], [0, 4, -2], [0, 3, 1], [0, 3, 0], [0, 4, 0], [2, 4, 0], [2, 4, 0], [2, 4, 3], [2, 4, 4]]
fractions_U1 = [1,0.07142857142857142, 0.07692307692307693, 0.08333333333333333, 0.09090909090909091, 0.1, 0.1111111111111111, 1, 1, 0.125, 0.14285714285714285, 0.16666666666666666, 0.2, 1, 1, 0.25, 0.3333333333333333, 0.5]
simulated_phase_mask_U1 = [0,0, 0, 0, 0, 0, 0, 0, 0, 0, 0, 0, 0, 0, 0, 0, 0, 0]
fixed_phase_mask_U1 = [0,0, 0, 0, 0, 0, 0, 0, 1, 0, 0, 0, 0, 0, 1, 0, 0, 0]
probe_trans =  [[1, 2, 1],[1, 4, 1], [1, 3, 3], [2, 4, 2], [1, 3, 2], [1, 2, -1], [1, 2, 2], [1, 4, -1], [0, 4, -2], [0, 3, 1], [-1, 3, 0], [1, 4, 0], [2, 4, 3], [2, 4, 4]]
pulse_train_U2 =  [[2, 4, 4], [2, 4, 3], [2, 4, 0], [2, 4, 0], [0, 4, 0], [2, 4, 0], [0, 3, 0], [0, 3, 1], [0, 4, -2], [0, 4, -1], [0, 4, -1], [1, 4, -1], [0, 4, -1], [1, 2, 2], [1, 2, -1], [1, 3, 2], [1, 4, 2], [1, 3, 3], [1, 4, 1], [1, 2, 1]]
fractions_U2 = [0.5, 0.3333333333333333, 0.25, 1, 1, 1, 0.2, 0.16666666666666666, 0.14285714285714285, 0.125, 1, 1, 1, 0.1111111111111111, 0.1, 0.09090909090909091, 0.08333333333333333, 0.07692307692307693, 0.07142857142857142, 1]
simulated_phase_mask_U2 = [13, 12, 11, 0, 0, 0, 10, 9, 8, 7, 0, 0, 0, 6, 5, 4, 3, 2, 1, 0]
fixed_phase_mask_U2 = [1, 1, 1, 0, 1, 0, 1, 1, 1, 1, 0, 1, 0, 1, 1, 1, 1, 1, 1, 0]
'''
'''
initial_state = [[0,2,0]]
pulse_train_U1 =  [[0,2,0], [0,2,0], [0,3,-1]]
fractions_U1 = [1, 1/3, 1/2]
simulated_phase_mask_U1 = [0, 0, 0]
fixed_phase_mask_U1 = [1, 0, 0]
pulse_train_U2 =  [[0,3,-1], [0,2,0], [0,4,-2]]
#fractions_U2 = [1/2, 1/3, 1]
fractions_U2 = [0, 0, 0]
simulated_phase_mask_U2 = [2, 1, 0]
fixed_phase_mask_U2 = [1, 1, 0]
probe_trans =  [[0,4,-2], [0,2,0], [-1,3,-1]]
'''

# 3Level Bused Qudit ramsey

#initial_state = [[0,4,-1]]

#pulse_train_U1 = [[0,4,-1],[0,3,1],[0,4,-1],[0,3,2]]
#fractions_U1 =     [1/3,      1,      1/2,        1]

#pulse_train_U2 = [[0,3,2],[0,4,-1],[0,3,2],[0,3,1],[0,4,-1],[0,3,1]]
#fractions_U2 =   [1,        1/2,      1,        1,       1/3,      1]
 
#probe_trans = [[0,4,-1],[0,3,1],[0,3,2]]


#simulated_phase_mask_U1=  [0,0,0,0]  
#simulated_phase_mask_U2 = [0,2,0,0,1,0]

#fixed_phase_mask_U1 =     [1, 0, 1, 0] 
#fixed_phase_mask_U2 =     [1, 0, 0, 1, 0, 0]
